,날짜,종가,전일비,등락률,거래량,기관,외국인
1,2024.03.14,588000.0,9000.0,+1.55%,2947.0,294.0,13.0
2,2024.03.13,579000.0,4000.0,-0.69%,1554.0,-135.0,-598.0
3,2024.03.12,583000.0,2000.0,+0.34%,1946.0,319.0,365.0
4,2024.03.11,581000.0,3000.0,+0.52%,618.0,63.0,19.0
5,2024.03.08,578000.0,2000.0,-0.34%,1331.0,66.0,-163.0
9,2024.03.07,580000.0,9000.0,+1.58%,1478.0,-2.0,-479.0
10,2024.03.06,571000.0,4000.0,+0.71%,491.0,-9.0,-213.0
11,2024.03.05,567000.0,6000.0,-1.05%,1221.0,-10.0,-481.0
12,2024.03.04,573000.0,9000.0,-1.55%,1662.0,0.0,-647.0
13,2024.02.29,582000.0,2000.0,-0.34%,1066.0,6.0,-256.0
17,2024.02.28,584000.0,2000.0,-0.34%,852.0,-3.0,-155.0
18,2024.02.27,586000.0,14000.0,-2.33%,2270.0,-445.0,119.0
19,2024.02.26,600000.0,2000.0,-0.33%,3028.0,-255.0,-137.0
20,2024.02.23,602000.0,5000.0,-0.82%,1384.0,42.0,179.0
21,2024.02.22,607000.0,2000.0,-0.33%,1774.0,-17.0,44.0
25,2024.02.21,609000.0,1000.0,-0.16%,1532.0,37.0,389.0
26,2024.02.20,610000.0,10000.0,-1.61%,4042.0,160.0,-426.0
27,2024.02.19,620000.0,44000.0,+7.64%,9362.0,854.0,2887.0
28,2024.02.16,576000.0,3000.0,+0.52%,1081.0,355.0,249.0
29,2024.02.15,573000.0,8000.0,+1.42%,1318.0,1.0,8.0
